52
ERR13252999_NZ_CP029591.1 0.00000000 0.00000023 0.00661136 0.21370458 0.16512245 0.11794354 0.12630308 0.00000494 0.31708601 0.39684652 0.46339377 0.52669023 0.09859694 0.16539102 0.00432748 0.16661353 0.00661136 0.00237091 0.13926787 0.16221114 0.00005715 0.00660430 0.16215517 0.41726128 0.00660427 0.00660427 0.27478926 0.33970337 0.15633798 0.92146350 0.00700680 0.00004037 0.00617866 0.00660778 0.00000023 0.55169971 0.00660443 0.00005715 0.15702873 0.00660506 0.00000466 0.38397378 0.87765441 0.42325560 0.34899163 0.12092297 0.16720256 0.00004746 0.17002968 0.00686887 0.00660443 0.00021783 
ERR13253011_NZ_CP029591.1 0.00000023 0.00000000 0.00669698 0.21490773 0.16691003 0.11587932 0.12729133 0.00000504 0.32466341 0.40630628 0.47356781 0.53763178 0.09890648 0.16718752 0.00433504 0.16843151 0.00669698 0.00239948 0.14056315 0.16364783 0.00005789 0.00669196 0.16388161 0.41836704 0.00669193 0.00669693 0.27293603 0.34109605 0.15734227 0.95590215 0.00708261 0.00004609 0.00628867 0.00669234 0.00000023 0.56935457 0.00669210 0.00005789 0.15675105 0.00668952 0.00000977 0.38523818 0.91561683 0.43325085 0.36214807 0.12146669 0.16903295 0.00004813 0.17024868 0.00695605 0.00669210 0.00022042 
ERR13252983_NZ_CP029588.1 0.00661136 0.00669698 0.00000000 0.21391153 0.16305564 0.11723609 0.12579407 0.00000989 0.31087622 0.38654687 0.45656158 0.52135560 0.09814195 0.16326363 0.00423836 0.16454946 0.00000023 0.00004429 0.13831863 0.16013612 0.00669424 0.00000023 0.16008349 0.40375580 0.00000023 0.00000023 0.27436689 0.32983632 0.15440474 0.92492537 0.00011686 0.00004042 0.00605154 0.00000971 0.00661136 0.54002124 0.00000023 0.00669424 0.15730340 0.00000971 0.00427747 0.38348012 0.88103231 0.41347909 0.35001832 0.11988716 0.16513912 0.00665090 0.16976521 0.00005355 0.00000023 0.00022278 
SRR18543866_NZ_CP023916.1 0.21370458 0.21490773 0.21391153 0.00000000 0.28560730 0.10040321 0.17895276 0.23534089 0.24137268 0.55663801 0.28247447 0.16593271 0.19177974 0.28562147 0.21426518 0.28528253 0.21391153 0.21433072 0.25921266 0.28489550 0.21365018 0.21437255 0.28522496 0.57457738 0.21436831 0.21436831 0.22643407 0.25900474 0.24497813 0.98426669 0.21420515 0.23520606 0.21217425 0.21404480 0.21370458 0.20188450 0.21438481 0.21365018 0.08788715 0.21403444 0.21370458 0.54458982 0.95703211 0.29159891 0.18534566 0.25485848 0.28698264 0.21376244 0.09079402 0.21376822 0.21438481 0.21432713 
ERR13252970_NZ_CP083037.1 0.16512245 0.16691003 0.16305564 0.28560730 0.00000000 0.19750761 0.18982466 0.16470378 0.25858022 0.43633068 0.49261006 0.54876724 0.17610877 0.00000023 0.15137244 0.00000612 0.16305564 0.16095797 0.04525908 0.00001245 0.16510440 0.16335529 0.00000023 0.42509030 0.16335386 0.16336352 0.11643871 0.34795891 0.00003647 0.93376358 0.16336761 0.16454609 0.13933674 0.16316435 0.16512245 0.56350348 0.16335942 0.16514713 0.13138890 0.16318642 0.16378873 0.40232985 0.86406589 0.43747817 0.21387508 0.03081838 0.00000602 0.16515608 0.25398574 0.16287236 0.16335942 0.15831867 
SRR18543897_NZ_CP023916.1 0.11794354 0.11587932 0.11723609 0.10040321 0.19750761 0.00000000 0.22005910 0.12131571 0.18387558 0.20790701 0.19708010 0.15231567 0.21820036 0.19750761 0.11073292 0.19731246 0.11723609 0.11730807 0.17478446 0.19553983 0.11787693 0.11727397 0.19629899 0.33509326 0.11727397 0.11727397 0.22076111 0.13762885 0.16947324 0.89995759 0.11747771 0.12133272 0.07555300 0.11730261 0.11794354 0.20248786 0.11727397 0.11787693 0.02887588 0.11728918 0.11766310 0.45313490 0.86330428 0.15076251 0.22313810 0.16703615 0.19775028 0.11798937 0.04208862 0.11720624 0.11727397 0.11607061 
SRR18543872_CP067537.1    0.12630308 0.12729133 0.12579407 0.17895276 0.18982466 0.22005910 0.00000000 0.12989306 0.26124749 0.28179870 0.41808364 0.39623162 0.01372260 0.19013086 0.10981670 0.18696778 0.12579407 0.12559366 0.12910671 0.18044600 0.12638630 0.12597284 0.18224229 0.27160526 0.12597164 0.12597164 0.25825721 0.27174152 0.18610336 1.01312107 0.12626970 0.12986143 0.11392789 0.12590924 0.12630308 0.40896094 0.12597753 0.12643279 0.17652010 0.12592066 0.12598602 0.26049734 0.95007905 0.36600332 0.21587497 0.11239783 0.19255946 0.12638862 0.27105549 0.12581231 0.12597753 0.12478463 
ERR13252979_NZ_CP029588.1 0.00000494 0.00000504 0.00000989 0.23534089 0.16470378 0.12131571 0.12989306 0.00000000 0.32124290 0.39642225 0.47853375 0.55644729 0.10029804 0.16498128 0.00375868 0.16625075 0.00000989 0.00000497 0.14196059 0.16152266 0.00006590 0.00000023 0.16159675 0.41840129 0.00000023 0.00000023 0.27126833 0.33598754 0.15539939 0.94978576 0.00000993 0.00000491 0.00522907 0.00000023 0.00000494 0.56471467 0.00000023 0.00006590 0.16822931 0.00000023 0.00000494 0.41617867 0.90088063 0.42501644 0.38927065 0.12264862 0.16688171 0.00005051 0.18110970 0.00000990 0.00000023 0.00022840 
ERR13252990_NZ_CP053359.1 0.31708601 0.32466341 0.31087622 0.24137268 0.25858022 0.18387558 0.26124749 0.32124290 0.00000000 0.58715966 0.37724812 0.41186305 0.26754111 0.25931567 0.27578507 0.25890201 0.31087622 0.30599969 0.19214152 0.25130963 0.31806772 0.31153472 0.24975138 0.59584405 0.31153034 0.31153034 0.19849568 0.48782722 0.23756389 1.11681908 0.31270162 0.32098894 0.30665569 0.31146476 0.31708601 0.46391341 0.31153414 0.31813732 0.14452231 0.31129713 0.31230870 0.55111117 1.03449002 0.64536561 0.23363300 0.16526166 0.26016864 0.31715248 0.21109969 0.31110014 0.31153414 0.30179123 
SRR18543877_NZ_CP040862.1 0.39684652 0.40630628 0.38654687 0.55663801 0.43633068 0.20790701 0.28179870 0.39642225 0.58715966 0.00000000 0.94493196 1.00852389 0.28895377 0.43749018 0.34573728 0.44064826 0.38654687 0.38149974 0.30668449 0.43331293 0.39820559 0.38751939 0.42899728 0.03082048 0.38751450 0.38751450 0.90005761 0.15993606 0.45968300 0.72008048 0.38964297 0.39575223 0.30516324 0.38722036 0.39684652 0.44691207 0.38753356 0.39826844 0.14982366 0.38702373 0.38873658 0.02402695 0.65512841 0.19897712 0.07088452 0.25793489 0.44255804 0.39685140 0.34999110 0.38830004 0.38753356 0.37494279 
SRR23048590_NZ_CP057068.1 0.46339377 0.47356781 0.45656158 0.28247447 0.49261006 0.19708010 0.41808364 0.47853375 0.37724812 0.94493196 0.00000000 0.45279972 0.45852253 0.49262623 0.42193463 0.49383085 0.45656158 0.45112535 0.38912890 0.47770671 0.46425099 0.45678629 0.48308356 1.07085121 0.45677955 0.45677955 0.19227118 0.62038919 0.44249354 1.20837018 0.45759812 0.47875565 0.48779189 0.45728458 0.46339377 0.60343222 0.45673829 0.46425099 0.16054188 0.45704036 0.45891557 0.96103151 1.16570153 0.79790011 0.26293640 0.35417751 0.49567124 0.46342037 0.27165717 0.45606279 0.45673829 0.44728040 
SRR18543847_NZ_KU295132.1 0.52669023 0.53763178 0.52135560 0.16593271 0.54876724 0.15231567 0.39623162 0.55644729 0.41186305 1.00852389 0.45279972 0.00000000 0.46740533 0.54878806 0.47715259 0.55231287 0.52135560 0.51635656 0.44250012 0.54189431 0.52711202 0.52190992 0.54229724 1.23532330 0.52190992 0.52190992 0.16886625 0.60295239 0.49871865 0.94083529 0.52226739 0.55635783 0.47570026 0.52163761 0.52669023 0.62160570 0.52190992 0.52711202 0.11786594 0.52163946 0.52209542 1.18349635 0.90058475 0.62521684 0.23080457 0.39542769 0.55448989 0.52676506 0.18177129 0.52055316 0.52190992 0.51330084 
ERR13253005_NZ_CP032209.1 0.09859694 0.09890648 0.09814195 0.19177974 0.17610877 0.21820036 0.01372260 0.10029804 0.26754111 0.28895377 0.45852253 0.46740533 0.00000000 0.17634312 0.08420513 0.17773142 0.09814195 0.09778765 0.12651974 0.17301021 0.09859525 0.09823853 0.17321780 0.25097517 0.09823778 0.09823778 0.26229154 0.25974632 0.17382204 0.93695818 0.09836973 0.10030304 0.08110909 0.09819741 0.09859694 0.43171572 0.09824145 0.09859525 0.17692522 0.09822066 0.09834010 0.23694797 0.88886369 0.34436708 0.21770121 0.11348605 0.17845842 0.09866305 0.27042221 0.09806930 0.09824145 0.09715741 
ERR13252972_NZ_CP083037.1 0.16539102 0.16718752 0.16326363 0.28562147 0.00000023 0.19750761 0.19013086 0.16498128 0.25931567 0.43749018 0.49262623 0.54878806 0.17634312 0.00000000 0.15157600 0.00000590 0.16326363 0.16116401 0.04526608 0.00001247 0.16537330 0.16356409 0.00000023 0.42664679 0.16356266 0.16357232 0.11643871 0.34884120 0.00003652 0.93818953 0.16357626 0.16482294 0.13933834 0.16337279 0.16539102 0.56551656 0.16356823 0.16541610 0.13139401 0.16339478 0.16405499 0.40342312 0.87060028 0.43865385 0.21465121 0.03082328 0.00000603 0.16542472 0.25425649 0.16313690 0.16356823 0.15852176 
ERR13252998_NZ_CP032186.1 0.00432748 0.00433504 0.00423836 0.21426518 0.15137244 0.11073292 0.10981670 0.00375868 0.27578507 0.34573728 0.42193463 0.47715259 0.08420513 0.15157600 0.00000000 0.15363828 0.00423836 0.00401091 0.12088309 0.15193019 0.00440729 0.00423839 0.15200818 0.34416642 0.00423836 0.00423836 0.27212127 0.29093502 0.14234763 0.96007508 0.00426727 0.00379588 0.00000753 0.00424122 0.00432748 0.49974322 0.00423848 0.00440729 0.15694955 0.00423931 0.00425460 0.36212589 0.91232972 0.37973650 0.36022535 0.11511346 0.15356693 0.00437489 0.16009309 0.00426727 0.00423848 0.00390816 
ERR13252971_NZ_CP083037.1 0.16661353 0.16843151 0.16454946 0.28528253 0.00000612 0.19731246 0.18696778 0.16625075 0.25890201 0.44064826 0.49383085 0.55231287 0.17773142 0.00000590 0.15363828 0.00000000 0.16454946 0.16245819 0.04563338 0.00002474 0.16659746 0.16485193 0.00000023 0.43031912 0.16485049 0.16486015 0.11647900 0.35140061 0.00017772 0.93329278 0.16486304 0.16609117 0.14246573 0.16466027 0.16661353 0.56635797 0.16485609 0.16664016 0.13158792 0.16468152 0.16528087 0.40782374 0.86357986 0.44116321 0.21371329 0.03101026 0.00209099 0.16664721 0.25483911 0.16436453 0.16485609 0.15982344 
ERR13252997_NZ_CP029588.1 0.00661136 0.00669698 0.00000023 0.21391153 0.16305564 0.11723609 0.12579407 0.00000989 0.31087622 0.38654687 0.45656158 0.52135560 0.09814195 0.16326363 0.00423836 0.16454946 0.00000000 0.00004429 0.13831863 0.16013612 0.00669424 0.00000023 0.16008349 0.40375580 0.00000023 0.00000023 0.27436689 0.32983632 0.15440474 0.92492537 0.00011686 0.00004042 0.00605154 0.00000971 0.00661136 0.54002124 0.00000023 0.00669424 0.15730340 0.00000971 0.00427747 0.38348012 0.88103231 0.41347909 0.35001832 0.11988716 0.16513912 0.00665090 0.16976521 0.00005355 0.00000023 0.00022278 
ERR13253002_NZ_CP029588.1 0.00237091 0.00239948 0.00004429 0.21433072 0.16095797 0.11730807 0.12559366 0.00000497 0.30599969 0.38149974 0.45112535 0.51635656 0.09778765 0.16116401 0.00401091 0.16245819 0.00004429 0.00000000 0.13746642 0.15768620 0.00236185 0.00004429 0.15797371 0.39750750 0.00004429 0.00004429 0.27428672 0.32532409 0.15200774 0.92618582 0.00000023 0.00004059 0.00569635 0.00004432 0.00237091 0.53570442 0.00004429 0.00236185 0.15738429 0.00004430 0.00237091 0.38512240 0.88220696 0.40775429 0.35136049 0.11887635 0.16304991 0.00241550 0.17032648 0.00000023 0.00004429 0.00003459 
ERR13252974_NZ_CP098129.1 0.13926787 0.14056315 0.13831863 0.25921266 0.04525908 0.17478446 0.12910671 0.14196059 0.19214152 0.30668449 0.38912890 0.44250012 0.12651974 0.04526608 0.12088309 0.04563338 0.13831863 0.13746642 0.00000000 0.04484399 0.13939654 0.13859880 0.04465181 0.28454821 0.13859744 0.13859744 0.14363878 0.25418422 0.04601331 0.93855763 0.13884107 0.14181605 0.08892293 0.13840038 0.13926787 0.45880639 0.13860272 0.13944422 0.12200827 0.13843992 0.13867222 0.27997462 0.87800009 0.33613781 0.20293577 0.00224419 0.04547030 0.13930401 0.21036220 0.13840158 0.13860272 0.13596841 
ERR13253015_NZ_CP083037.1 0.16221114 0.16364783 0.16013612 0.28489550 0.00001245 0.19553983 0.18044600 0.16152266 0.25130963 0.43331293 0.47770671 0.54189431 0.17301021 0.00001247 0.15193019 0.00002474 0.16013612 0.15768620 0.04484399 0.00000000 0.16197034 0.16030947 0.00001237 0.42084183 0.16030947 0.16031912 0.11640362 0.34691555 0.00021025 0.93508858 0.16012599 0.16149054 0.14105611 0.16020832 0.16221114 0.56417015 0.16030947 0.16201305 0.13088433 0.16020973 0.16087352 0.40574592 0.86512478 0.43446364 0.21558728 0.03051833 0.00214128 0.16224470 0.25352442 0.15963899 0.16030947 0.15534525 
ERR13253014_NZ_CP029591.1 0.00005715 0.00005789 0.00669424 0.21365018 0.16510440 0.11787693 0.12638630 0.00006590 0.31806772 0.39820559 0.46425099 0.52711202 0.09859525 0.16537330 0.00440729 0.16659746 0.00669424 0.00236185 0.13939654 0.16197034 0.00000000 0.00668725 0.16213319 0.41955061 0.00668722 0.00668722 0.27478926 0.34130889 0.15615368 0.92142842 0.00698970 0.00010131 0.00617003 0.00668649 0.00005715 0.55437984 0.00668738 0.00000023 0.15698370 0.00668659 0.00006286 0.38561766 0.87761627 0.42326908 0.34980983 0.12101781 0.16718726 0.00010477 0.17013854 0.00685204 0.00668738 0.00005925 
ERR13252976_NZ_CP029588.1 0.00660430 0.00669196 0.00000023 0.21437255 0.16335529 0.11727397 0.12597284 0.00000023 0.31153472 0.38751939 0.45678629 0.52190992 0.09823853 0.16356409 0.00423839 0.16485193 0.00000023 0.00004429 0.13859880 0.16030947 0.00668725 0.00000000 0.16037745 0.40429023 0.00000023 0.00000023 0.27430219 0.33035139 0.15440243 0.92665288 0.00004385 0.00003541 0.00605428 0.00000023 0.00660430 0.54171456 0.00000023 0.00668725 0.15736265 0.00000023 0.00427262 0.38363193 0.88260266 0.41448568 0.35157530 0.12007149 0.16544276 0.00664883 0.17012342 0.00004385 0.00000023 0.00022279 
ERR13252982_NZ_CP083037.1 0.16215517 0.16388161 0.16008349 0.28522496 0.00000023 0.19629899 0.18224229 0.16159675 0.24975138 0.42899728 0.48308356 0.54229724 0.17321780 0.00000023 0.15200818 0.00000023 0.16008349 0.15797371 0.04465181 0.00001237 0.16213319 0.16037745 0.00000000 0.41616862 0.16037605 0.16038569 0.11643925 0.34405064 0.00016741 0.93344735 0.16039217 0.16144290 0.14030716 0.16018801 0.16215517 0.55777598 0.16038151 0.16217593 0.13153577 0.16021169 0.16081972 0.40045976 0.86368789 0.43364665 0.21334051 0.03081471 0.00211556 0.16218867 0.25375491 0.15990356 0.16038151 0.15532614 
SRR18543878_LR890741.1    0.41726128 0.41836704 0.40375580 0.57457738 0.42509030 0.33509326 0.27160526 0.41840129 0.59584405 0.03082048 1.07085121 1.23532330 0.25097517 0.42664679 0.34416642 0.43031912 0.40375580 0.39750750 0.28454821 0.42084183 0.41955061 0.40429023 0.41616862 0.00000000 0.40429023 0.40429023 0.69465759 0.14771612 0.44870021 0.79886533 0.40801873 0.41795188 0.26560081 0.40445632 0.41726128 0.47039876 0.40429023 0.41955061 0.21678934 0.40418317 0.40698674 0.02161660 0.72509376 0.21261410 0.07124614 0.22018308 0.43264720 0.41726776 0.48151991 0.40669594 0.40429023 0.38897694 
ERR13252992_NZ_CP029588.1 0.00660427 0.00669193 0.00000023 0.21436831 0.16335386 0.11727397 0.12597164 0.00000023 0.31153034 0.38751450 0.45677955 0.52190992 0.09823778 0.16356266 0.00423836 0.16485049 0.00000023 0.00004429 0.13859744 0.16030947 0.00668722 0.00000023 0.16037605 0.40429023 0.00000000 0.00000023 0.27430219 0.33034761 0.15440243 0.92661855 0.00004385 0.00003541 0.00605424 0.00000023 0.00660427 0.54170631 0.00000023 0.00668722 0.15736265 0.00000023 0.00427260 0.38363193 0.88257132 0.41448064 0.35156734 0.12007029 0.16544132 0.00664879 0.17012342 0.00004385 0.00000023 0.00022279 
ERR13252994_NZ_CP029588.1 0.00660427 0.00669693 0.00000023 0.21436831 0.16336352 0.11727397 0.12597164 0.00000023 0.31153034 0.38751450 0.45677955 0.52190992 0.09823778 0.16357232 0.00423836 0.16486015 0.00000023 0.00004429 0.13859744 0.16031912 0.00668722 0.00000023 0.16038569 0.40429023 0.00000023 0.00000000 0.27430219 0.33034761 0.15441121 0.92661855 0.00004385 0.00003541 0.00605424 0.00000023 0.00660427 0.54170631 0.00000023 0.00668722 0.15736265 0.00000023 0.00427258 0.38363193 0.88257132 0.41448064 0.35156734 0.12007029 0.16545098 0.00664879 0.17012342 0.00004385 0.00000023 0.00022279 
SRR18543904_NZ_CP046943.1 0.27478926 0.27293603 0.27436689 0.22643407 0.11643871 0.22076111 0.25825721 0.27126833 0.19849568 0.90005761 0.19227118 0.16886625 0.26229154 0.11643871 0.27212127 0.11647900 0.27436689 0.27428672 0.14363878 0.11640362 0.27478926 0.27430219 0.11643925 0.69465759 0.27430219 0.27430219 0.00000000 0.29552550 0.11621429 1.29832606 0.27504348 0.27138506 0.24625791 0.27430219 0.27478926 0.37243433 0.27430219 0.27500417 0.19342380 0.27430219 0.27478926 0.89556044 1.24358519 0.32740169 0.21352519 0.14340646 0.11647900 0.27489754 0.20986808 0.27467183 0.27430219 0.27417937 
SRR18543904_NZ_CP083776.1 0.33970337 0.34109605 0.32983632 0.25900474 0.34795891 0.13762885 0.27174152 0.33598754 0.48782722 0.15993606 0.62038919 0.60295239 0.25974632 0.34884120 0.29093502 0.35140061 0.32983632 0.32532409 0.25418422 0.34691555 0.34130889 0.33035139 0.34405064 0.14771612 0.33034761 0.33034761 0.29552550 0.00000000 0.32987650 1.06784468 0.33290119 0.33551531 0.25144285 0.33021881 0.33970337 0.31334474 0.33036234 0.34131964 0.11922205 0.33007923 0.33221341 0.16524469 0.99081595 0.04236030 0.05294026 0.21761378 0.35171580 0.33970718 0.21274057 0.33231992 0.33036234 0.31912020 
ERR13252986_NZ_CP083037.1 0.15633798 0.15734227 0.15440474 0.24497813 0.00003647 0.16947324 0.18610336 0.15539939 0.23756389 0.45968300 0.44249354 0.49871865 0.17382204 0.00003652 0.14234763 0.00017772 0.15440474 0.15200774 0.04601331 0.00021025 0.15615368 0.15440243 0.00016741 0.44870021 0.15440243 0.15441121 0.11621429 0.32987650 0.00000000 1.01139986 0.15428537 0.15543172 0.12968622 0.15441261 0.15633798 0.52148812 0.15440243 0.15619280 0.11879000 0.15443464 0.15512137 0.42920168 0.94879484 0.42786123 0.20699060 0.03119864 0.00219959 0.15637718 0.22719487 0.15395993 0.15440243 0.14987980 
ERR13252986_CP128693.1    0.92146350 0.95590215 0.92492537 0.98426669 0.93376358 0.89995759 1.01312107 0.94978576 1.11681908 0.72008048 1.20837018 0.94083529 0.93695818 0.93818953 0.96007508 0.93329278 0.92492537 0.92618582 0.93855763 0.93508858 0.92142842 0.92665288 0.93344735 0.79886533 0.92661855 0.92661855 1.29832606 1.06784468 1.01139986 0.00000000 0.92490032 0.94813452 1.02214148 0.92486275 0.92146350 1.13000824 0.92669165 0.92142842 0.85951561 0.92486120 0.92080634 0.97238358 0.00711354 0.97798640 0.85358200 0.94302663 0.93428178 0.92168380 0.90066539 0.92207707 0.92669165 0.92670900 
ERR13252975_NZ_CP029588.1 0.00700680 0.00708261 0.00011686 0.21420515 0.16336761 0.11747771 0.12626970 0.00000993 0.31270162 0.38964297 0.45759812 0.52226739 0.09836973 0.16357626 0.00426727 0.16486304 0.00011686 0.00000023 0.13884107 0.16012599 0.00698970 0.00004385 0.16039217 0.40801873 0.00004385 0.00004385 0.27504348 0.33290119 0.15428537 0.92490032 0.00000000 0.00006085 0.00605795 0.00005359 0.00700680 0.54498638 0.00004385 0.00698970 0.15743749 0.00005357 0.00467096 0.38531573 0.88101034 0.41546454 0.35208364 0.12035818 0.16545341 0.00705144 0.17048971 0.00012613 0.00004385 0.00003953 
ERR13252985_NZ_CP029588.1 0.00004037 0.00004609 0.00004042 0.23520606 0.16454609 0.12133272 0.12986143 0.00000491 0.32098894 0.39575223 0.47875565 0.55635783 0.10030304 0.16482294 0.00379588 0.16609117 0.00004042 0.00004059 0.14181605 0.16149054 0.00010131 0.00003541 0.16144290 0.41795188 0.00003541 0.00003541 0.27138506 0.33551531 0.15543172 0.94813452 0.00006085 0.00000000 0.00522654 0.00004551 0.00004037 0.56349370 0.00003541 0.00010131 0.16827017 0.00004550 0.00003533 0.41595582 0.89942420 0.42431880 0.38803888 0.12257232 0.16672132 0.00008075 0.18095301 0.00004052 0.00003541 0.00025881 
ERR13253000_NZ_CP032186.1 0.00617866 0.00628867 0.00605154 0.21217425 0.13933674 0.07555300 0.11392789 0.00522907 0.30665569 0.30516324 0.48779189 0.47570026 0.08110909 0.13933834 0.00000753 0.14246573 0.00605154 0.00569635 0.08892293 0.14105611 0.00617003 0.00605428 0.14030716 0.26560081 0.00605424 0.00605424 0.24625791 0.25144285 0.12968622 1.02214148 0.00605795 0.00522654 0.00000000 0.00605154 0.00617866 0.57836797 0.00605447 0.00617003 0.07491789 0.00605154 0.00607501 0.28249219 1.02590929 0.27322807 0.37381871 0.09152909 0.14226614 0.00617866 0.14502578 0.00606024 0.00605447 0.00522761 
ERR13252984_NZ_CP029588.1 0.00660778 0.00669234 0.00000971 0.21404480 0.16316435 0.11730261 0.12590924 0.00000023 0.31146476 0.38722036 0.45728458 0.52163761 0.09819741 0.16337279 0.00424122 0.16466027 0.00000971 0.00004432 0.13840038 0.16020832 0.00668649 0.00000023 0.16018801 0.40445632 0.00000023 0.00000023 0.27430219 0.33021881 0.15441261 0.92486275 0.00005359 0.00004551 0.00605154 0.00000000 0.00660778 0.54123242 0.00000023 0.00668649 0.15735911 0.00000023 0.00428155 0.38396996 0.88097322 0.41327231 0.35114074 0.11993754 0.16525078 0.00665723 0.16987611 0.00004873 0.00000023 0.00022773 
ERR13253001_NZ_CP029591.1 0.00000023 0.00000023 0.00661136 0.21370458 0.16512245 0.11794354 0.12630308 0.00000494 0.31708601 0.39684652 0.46339377 0.52669023 0.09859694 0.16539102 0.00432748 0.16661353 0.00661136 0.00237091 0.13926787 0.16221114 0.00005715 0.00660430 0.16215517 0.41726128 0.00660427 0.00660427 0.27478926 0.33970337 0.15633798 0.92146350 0.00700680 0.00004037 0.00617866 0.00660778 0.00000000 0.55169971 0.00660443 0.00005715 0.15702873 0.00660506 0.00000466 0.38397378 0.87765441 0.42325560 0.34899163 0.12092297 0.16720256 0.00004746 0.17002968 0.00686887 0.00660443 0.00021783 
SRR18543848_NZ_CP142901.1 0.55169971 0.56935457 0.54002124 0.20188450 0.56350348 0.20248786 0.40896094 0.56471467 0.46391341 0.44691207 0.60343222 0.62160570 0.43171572 0.56551656 0.49974322 0.56635797 0.54002124 0.53570442 0.45880639 0.56417015 0.55437984 0.54171456 0.55777598 0.47039876 0.54170631 0.54170631 0.37243433 0.31334474 0.52148812 1.13000824 0.54498638 0.56349370 0.57836797 0.54123242 0.55169971 0.00000000 0.54174680 0.55449414 0.15375398 0.54084003 0.54220495 0.66563666 1.04176829 0.38755327 0.16891770 0.42438324 0.56791177 0.55170770 0.30015388 0.54253177 0.54174680 0.52808407 
ERR13252987_NZ_CP029588.1 0.00660443 0.00669210 0.00000023 0.21438481 0.16335942 0.11727397 0.12597753 0.00000023 0.31153414 0.38753356 0.45673829 0.52190992 0.09824145 0.16356823 0.00423848 0.16485609 0.00000023 0.00004429 0.13860272 0.16030947 0.00668738 0.00000023 0.16038151 0.40429023 0.00000023 0.00000023 0.27430219 0.33036234 0.15440243 0.92669165 0.00004385 0.00003541 0.00605447 0.00000023 0.00660443 0.54174680 0.00000000 0.00668738 0.15736265 0.00000023 0.00427271 0.38363193 0.88263617 0.41450032 0.35159839 0.12007496 0.16544694 0.00664896 0.17012342 0.00004385 0.00000023 0.00022280 
ERR13252989_NZ_CP029591.1 0.00005715 0.00005789 0.00669424 0.21365018 0.16514713 0.11787693 0.12643279 0.00006590 0.31813732 0.39826844 0.46425099 0.52711202 0.09859525 0.16541610 0.00440729 0.16664016 0.00669424 0.00236185 0.13944422 0.16201305 0.00000023 0.00668725 0.16217593 0.41955061 0.00668722 0.00668722 0.27500417 0.34131964 0.15619280 0.92142842 0.00698970 0.00010131 0.00617003 0.00668649 0.00005715 0.55449414 0.00668738 0.00000000 0.15698370 0.00668659 0.00006286 0.38561766 0.87761627 0.42328041 0.34983100 0.12106640 0.16722997 0.00010477 0.17013854 0.00685204 0.00668738 0.00005925 
SRR18543894_NZ_CP025468.1 0.15702873 0.15675105 0.15730340 0.08788715 0.13138890 0.02887588 0.17652010 0.16822931 0.14452231 0.14982366 0.16054188 0.11786594 0.17692522 0.13139401 0.15694955 0.13158792 0.15730340 0.15738429 0.12200827 0.13088433 0.15698370 0.15736265 0.13153577 0.21678934 0.15736265 0.15736265 0.19342380 0.11922205 0.11879000 0.85951561 0.15743749 0.16827017 0.07491789 0.15735911 0.15702873 0.15375398 0.15736265 0.15698370 0.00000000 0.15734949 0.15702873 0.28308342 0.81662950 0.13318799 0.17928027 0.12111763 0.13157970 0.15706856 0.03345995 0.15705032 0.15736265 0.15745238 
ERR13253010_NZ_CP029588.1 0.00660506 0.00668952 0.00000971 0.21403444 0.16318642 0.11728918 0.12592066 0.00000023 0.31129713 0.38702373 0.45704036 0.52163946 0.09822066 0.16339478 0.00423931 0.16468152 0.00000971 0.00004430 0.13843992 0.16020973 0.00668659 0.00000023 0.16021169 0.40418317 0.00000023 0.00000023 0.27430219 0.33007923 0.15443464 0.92486120 0.00005357 0.00004550 0.00605154 0.00000023 0.00660506 0.54084003 0.00000023 0.00668659 0.15734949 0.00000000 0.00427979 0.38369704 0.88097041 0.41361901 0.35075260 0.11998121 0.16527172 0.00665450 0.16986937 0.00004871 0.00000023 0.00022773 
ERR13252991_NZ_CP029591.1 0.00000466 0.00000977 0.00427747 0.21370458 0.16378873 0.11766310 0.12598602 0.00000494 0.31230870 0.38873658 0.45891557 0.52209542 0.09834010 0.16405499 0.00425460 0.16528087 0.00427747 0.00237091 0.13867222 0.16087352 0.00006286 0.00427262 0.16081972 0.40698674 0.00427260 0.00427258 0.27478926 0.33221341 0.15512137 0.92080634 0.00467096 0.00003533 0.00607501 0.00428155 0.00000466 0.54220495 0.00427271 0.00006286 0.15702873 0.00427979 0.00000000 0.38366835 0.87698323 0.41543101 0.34783986 0.12031296 0.16587002 0.00004337 0.16978576 0.00453618 0.00427271 0.00021783 
SRR18543862_LR890741.1    0.38397378 0.38523818 0.38348012 0.54458982 0.40232985 0.45313490 0.26049734 0.41617867 0.55111117 0.02402695 0.96103151 1.18349635 0.23694797 0.40342312 0.36212589 0.40782374 0.38348012 0.38512240 0.27997462 0.40574592 0.38561766 0.38363193 0.40045976 0.02161660 0.38363193 0.38363193 0.89556044 0.16524469 0.42920168 0.97238358 0.38531573 0.41595582 0.28249219 0.38396996 0.38397378 0.66563666 0.38363193 0.38561766 0.28308342 0.38369704 0.38366835 0.00000000 0.91948990 0.24541159 0.05238074 0.23345379 0.41030532 0.38398014 0.67100014 0.38529396 0.38363193 0.38455739 
SRR18543862_CP128693.1    0.87765441 0.91561683 0.88103231 0.95703211 0.86406589 0.86330428 0.95007905 0.90088063 1.03449002 0.65512841 1.16570153 0.90058475 0.88886369 0.87060028 0.91232972 0.86357986 0.88103231 0.88220696 0.87800009 0.86512478 0.87761627 0.88260266 0.86368789 0.72509376 0.88257132 0.88257132 1.24358519 0.99081595 0.94879484 0.00711354 0.88101034 0.89942420 1.02590929 0.88097322 0.87765441 1.04176829 0.88263617 0.87761627 0.81662950 0.88097041 0.87698323 0.91948990 0.00000000 0.89840779 0.78741251 0.89055199 0.86456138 0.87785987 0.84543875 0.87815209 0.88263617 0.88262605 
SRR18543853_NZ_LR890361.1 0.42325560 0.43325085 0.41347909 0.29159891 0.43747817 0.15076251 0.36600332 0.42501644 0.64536561 0.19897712 0.79790011 0.62521684 0.34436708 0.43865385 0.37973650 0.44116321 0.41347909 0.40775429 0.33613781 0.43446364 0.42326908 0.41448568 0.43364665 0.21261410 0.41448064 0.41448064 0.32740169 0.04236030 0.42786123 0.97798640 0.41546454 0.42431880 0.27322807 0.41327231 0.42325560 0.38755327 0.41450032 0.42328041 0.13318799 0.41361901 0.41543101 0.24541159 0.89840779 0.00000000 0.09606674 0.29912211 0.44114553 0.42324430 0.24250130 0.41398886 0.41450032 0.40112289 
SRR18543853_NZ_CP069912.1 0.34899163 0.36214807 0.35001832 0.18534566 0.21387508 0.22313810 0.21587497 0.38927065 0.23363300 0.07088452 0.26293640 0.23080457 0.21770121 0.21465121 0.36022535 0.21371329 0.35001832 0.35136049 0.20293577 0.21558728 0.34980983 0.35157530 0.21334051 0.07124614 0.35156734 0.35156734 0.21352519 0.05294026 0.20699060 0.85358200 0.35208364 0.38803888 0.37381871 0.35114074 0.34899163 0.16891770 0.35159839 0.34983100 0.17928027 0.35075260 0.34783986 0.05238074 0.78741251 0.09606674 0.00000000 0.19972681 0.21387508 0.34899932 0.21148755 0.34971220 0.35159839 0.35086929 
ERR13253006_OW967616.1    0.12092297 0.12146669 0.11988716 0.25485848 0.03081838 0.16703615 0.11239783 0.12264862 0.16526166 0.25793489 0.35417751 0.39542769 0.11348605 0.03082328 0.11511346 0.03101026 0.11988716 0.11887635 0.00224419 0.03051833 0.12101781 0.12007149 0.03081471 0.22018308 0.12007029 0.12007029 0.14340646 0.21761378 0.03119864 0.94302663 0.12035818 0.12257232 0.09152909 0.11993754 0.12092297 0.42438324 0.12007496 0.12106640 0.12111763 0.11998121 0.12031296 0.23345379 0.89055199 0.29912211 0.19972681 0.00000000 0.03102934 0.12095878 0.19511701 0.11996997 0.12007496 0.11733347 
ERR13252973_NZ_CP083037.1 0.16720256 0.16903295 0.16513912 0.28698264 0.00000602 0.19775028 0.19255946 0.16688171 0.26016864 0.44255804 0.49567124 0.55448989 0.17845842 0.00000603 0.15356693 0.00209099 0.16513912 0.16304991 0.04547030 0.00214128 0.16718726 0.16544276 0.00211556 0.43264720 0.16544132 0.16545098 0.11647900 0.35171580 0.00219959 0.93428178 0.16545341 0.16672132 0.14226614 0.16525078 0.16720256 0.56791177 0.16544694 0.16722997 0.13157970 0.16527172 0.16587002 0.41030532 0.86456138 0.44114553 0.21387508 0.03102934 0.00000000 0.16723627 0.25633429 0.16495350 0.16544694 0.16041637 
ERR13252996_NZ_CP029591.1 0.00004746 0.00004813 0.00665090 0.21376244 0.16515608 0.11798937 0.12638862 0.00005051 0.31715248 0.39685140 0.46342037 0.52676506 0.09866305 0.16542472 0.00437489 0.16664721 0.00665090 0.00241550 0.13930401 0.16224470 0.00010477 0.00664883 0.16218867 0.41726776 0.00664879 0.00664879 0.27489754 0.33970718 0.15637718 0.92168380 0.00705144 0.00008075 0.00617866 0.00665723 0.00004746 0.55170770 0.00664896 0.00010477 0.15706856 0.00665450 0.00004337 0.38398014 0.87785987 0.42324430 0.34899932 0.12095878 0.16723627 0.00000000 0.17005412 0.00691344 0.00664896 0.00026240 
SRR18543833_NZ_CP025468.1 0.17002968 0.17024868 0.16976521 0.09079402 0.25398574 0.04208862 0.27105549 0.18110970 0.21109969 0.34999110 0.27165717 0.18177129 0.27042221 0.25425649 0.16009309 0.25483911 0.16976521 0.17032648 0.21036220 0.25352442 0.17013854 0.17012342 0.25375491 0.48151991 0.17012342 0.17012342 0.20986808 0.21274057 0.22719487 0.90066539 0.17048971 0.18095301 0.14502578 0.16987611 0.17002968 0.30015388 0.17012342 0.17013854 0.03345995 0.16986937 0.16978576 0.67100014 0.84543875 0.24250130 0.21148755 0.19511701 0.25633429 0.17005412 0.00000000 0.16967520 0.17012342 0.16931047 
ERR13252995_NZ_CP029588.1 0.00686887 0.00695605 0.00005355 0.21376822 0.16287236 0.11720624 0.12581231 0.00000990 0.31110014 0.38830004 0.45606279 0.52055316 0.09806930 0.16313690 0.00426727 0.16436453 0.00005355 0.00000023 0.13840158 0.15963899 0.00685204 0.00004385 0.15990356 0.40669594 0.00004385 0.00004385 0.27467183 0.33231992 0.15395993 0.92207707 0.00012613 0.00004052 0.00606024 0.00004873 0.00686887 0.54253177 0.00004385 0.00685204 0.15705032 0.00004871 0.00453618 0.38529396 0.87815209 0.41398886 0.34971220 0.11996997 0.16495350 0.00691344 0.16967520 0.00000000 0.00004385 0.00003459 
ERR13253003_NZ_CP029588.1 0.00660443 0.00669210 0.00000023 0.21438481 0.16335942 0.11727397 0.12597753 0.00000023 0.31153414 0.38753356 0.45673829 0.52190992 0.09824145 0.16356823 0.00423848 0.16485609 0.00000023 0.00004429 0.13860272 0.16030947 0.00668738 0.00000023 0.16038151 0.40429023 0.00000023 0.00000023 0.27430219 0.33036234 0.15440243 0.92669165 0.00004385 0.00003541 0.00605447 0.00000023 0.00660443 0.54174680 0.00000023 0.00668738 0.15736265 0.00000023 0.00427271 0.38363193 0.88263617 0.41450032 0.35159839 0.12007496 0.16544694 0.00664896 0.17012342 0.00004385 0.00000000 0.00022280 
ERR13252981_NZ_CP029588.1 0.00021783 0.00022042 0.00022278 0.21432713 0.15831867 0.11607061 0.12478463 0.00022840 0.30179123 0.37494279 0.44728040 0.51330084 0.09715741 0.15852176 0.00390816 0.15982344 0.00022278 0.00003459 0.13596841 0.15534525 0.00005925 0.00022279 0.15532614 0.38897694 0.00022279 0.00022279 0.27417937 0.31912020 0.14987980 0.92670900 0.00003953 0.00025881 0.00522761 0.00022773 0.00021783 0.52808407 0.00022280 0.00005925 0.15745238 0.00022773 0.00021783 0.38455739 0.88262605 0.40112289 0.35086929 0.11733347 0.16041637 0.00026240 0.16931047 0.00003459 0.00022280 0.00000000 
